551 3158
1	345	1.27503
1	422	1.88745
1	476	2.18145
1	491	2.38489
1	510	2.6472
1	513	2.64242
2	359	1.3201
2	495	2.39001
2	516	2.62416
2	518	2.62385
2	519	2.62193
2	528	2.61836
2	529	2.61311
3	395	1.75228
3	484	2.17187
3	493	2.41125
3	501	2.49425
3	507	2.50423
3	512	2.49944
3	524	2.81444
4	158	1.24784
4	400	2.43915
4	425	2.687
4	434	2.63602
4	438	2.67653
4	442	2.62201
4	464	2.7638
5	509	2.17434
5	522	2.3753
5	531	2.55534
5	533	2.55033
5	534	2.5439
5	536	2.53601
5	537	2.52665
6	55	2.09179
6	76	2.1445
6	94	2.1069
6	130	2.31222
6	199	2.52261
6	211	2.51993
6	252	2.69274
7	190	1.68205
7	272	2.1761
7	327	2.28969
7	336	2.28697
7	378	2.58687
7	392	2.58091
7	419	2.98475
8	86	1.86308
8	134	2.09736
8	181	2.31187
8	186	2.32783
8	240	2.31363
8	248	2.83663
8	267	2.5149
9	78	1.71622
9	125	2.04374
9	142	1.95442
9	270	2.36056
9	306	2.56822
9	331	2.55707
9	363	3.04127
10	104	1.70684
10	125	1.94987
10	203	2.13014
10	264	2.47639
10	270	2.26669
10	306	2.47436
10	372	3.07331
11	16	1.89444
11	79	2.03985
11	131	2.14847
11	173	2.19771
11	299	2.57651
11	302	2.91744
11	304	2.56947
12	88	1.80106
12	182	2.21183
12	249	2.44942
12	271	2.45602
12	277	2.45833
12	291	2.45588
12	298	2.44846
13	375	1.86376
13	409	2.39595
13	421	2.3083
13	430	2.51118
13	432	2.36189
13	452	2.49064
13	461	2.67316
14	38	1.79164
14	133	2.11973
14	165	2.10468
14	185	2.73597
14	229	2.28286
14	237	2.39479
14	281	2.85707
15	56	1.37323
15	156	1.53362
15	272	2.32962
15	336	2.44049
15	378	2.74039
15	392	2.73443
15	419	3.13827
16	11	1.89444
16	79	2.05147
16	131	2.16009
16	166	2.20788
16	299	2.58814
16	302	2.92906
16	304	2.58109
17	138	2.05543
17	151	2.09438
17	175	2.19505
17	195	2.34055
17	209	2.34467
17	268	2.82672
17	287	2.50178
18	52	2.07539
18	137	2.24925
18	147	2.27805
18	153	2.24322
18	215	2.47513
18	236	2.43864
18	295	2.62373
19	348	1.82397
19	375	1.96494
19	421	2.40949
19	430	2.61237
19	432	2.46307
19	452	2.59183
19	461	2.77434
20	105	0.914343
20	323	1.75908
20	374	2.17094
20	441	2.70828
20	448	2.77133
20	462	2.76489
20	477	3.12141
21	81	1.65892
21	224	1.99534
21	253	2.20441
21	297	2.29986
21	307	2.45343
21	337	2.77169
21	383	2.76837
22	511	2.18334
22	530	2.38
22	531	2.56138
22	533	2.55637
22	534	2.54994
22	536	2.54205
22	537	2.53269
23	354	1.54282
23	476	2.26517
23	483	2.45622
23	487	2.39523
23	491	2.46862
23	510	2.73092
23	513	2.72615
24	122	0.939163
24	356	2.03814
24	426	2.62159
24	427	2.54035
24	445	2.59974
24	447	2.8433
24	471	2.94604
25	539	2.24254
25	543	2.26983
25	545	2.2683
25	547	2.26806
25	548	2.45165
25	550	2.7391
25	551	2.56263
26	52	2.09193
26	137	2.26579
26	147	2.29459
26	153	2.25976
26	174	2.2473
26	215	2.49167
26	295	2.64027
27	71	1.84635
27	155	2.03231
27	160	2.2154
27	179	2.34499
27	261	2.48046
27	305	2.66708
27	366	2.81333
28	486	1.9914
28	502	2.20701
28	508	2.35401
28	515	2.5353
28	525	2.53404
28	527	2.5274
28	532	2.832
29	395	1.77491
29	484	2.1945
29	493	2.43388
29	499	2.33768
29	507	2.52685
29	512	2.52207
29	524	2.83707
30	55	2.08649
30	76	2.1392
30	82	2.03889
30	128	2.28704
30	199	2.51732
30	211	2.51464
30	252	2.68744
31	522	2.36124
31	530	2.3599
31	531	2.54129
31	533	2.53627
31	534	2.52984
31	536	2.52196
31	537	2.5126
32	208	1.41294
32	231	1.51378
32	318	2.0602
32	347	2.17032
32	428	2.78655
32	437	2.78573
32	466	3.33177
33	263	1.62012
33	265	1.5671
33	393	2.38222
33	407	2.42499
33	433	2.55138
33	444	2.69949
33	470	3.05916
34	357	1.73489
34	362	2.03632
34	375	2.04882
34	409	2.58101
34	421	2.49337
34	432	2.54696
34	452	2.67571
35	403	1.47661
35	456	1.96121
35	492	2.19344
35	514	2.5677
35	517	2.67932
35	520	2.72454
35	535	2.84191
36	48	1.66942
36	111	1.57012
36	189	2.10576
36	250	2.50784
36	325	2.52911
36	352	3.02786
36	384	2.84087
37	275	1.45716
37	348	1.89426
37	409	2.56742
37	430	2.68265
37	432	2.53336
37	452	2.66211
37	461	2.84463
38	14	1.79164
38	124	2.4825
38	133	2.05696
38	185	2.67321
38	227	2.22114
38	237	2.33202
38	281	2.7943
39	218	1.98939
39	309	2.13042
39	311	2.28312
39	328	2.2578
39	358	2.45396
39	364	2.77301
39	386	2.56836
40	49	1.84825
40	202	2.14662
40	225	2.16695
40	257	2.35727
40	280	2.41814
40	313	2.56579
40	370	2.84129
41	183	0.750908
41	353	1.54859
41	468	2.65477
41	474	2.6015
41	482	2.72369
41	506	2.88914
41	521	3.36322
42	123	2.14823
42	150	2.06755
42	184	2.27516
42	226	2.34123
42	260	2.50736
42	278	2.50498
42	294	2.4976
43	296	1.77576
43	396	2.47049
43	425	2.55557
43	434	2.50459
43	438	2.5451
43	442	2.49058
43	464	2.63237
44	160	2.12796
44	179	2.25755
44	212	2.12576
44	233	2.156
44	261	2.39302
44	305	2.57963
44	366	2.72589
45	53	1.44058
45	120	1.63019
45	141	1.42915
45	322	2.45171
45	355	2.59407
45	399	3.20034
45	401	3.19463
46	123	2.11907
46	184	2.246
46	217	2.25916
46	226	2.31207
46	260	2.4782
46	278	2.47583
46	294	2.46844
47	191	1.13638
47	201	1.3334
47	389	2.43226
47	427	2.76569
47	445	2.82508
47	447	3.06863
47	471	3.17138
48	36	1.66942
48	64	1.63628
48	250	2.52988
48	256	2.45753
48	325	2.55115
48	352	3.0499
48	384	2.8629
49	40	1.84825
49	101	1.91876
49	202	2.28952
49	225	2.30985
49	280	2.56104
49	315	2.62813
49	370	2.98419
50	104	1.62113
50	125	1.86416
50	270	2.18098
50	306	2.38864
50	331	2.37749
50	363	2.86169
50	372	2.98759
51	192	2.16229
51	234	1.73429
51	247	2.12104
51	255	1.95361
51	380	2.5045
51	394	2.916
51	411	2.9102
52	18	2.07539
52	26	2.09193
52	69	2.08058
52	153	2.34876
52	215	2.58067
52	236	2.54418
52	295	2.72927
53	45	1.44058
53	266	1.93931
53	322	2.2633
53	346	2.4185
53	355	2.40566
53	399	3.01194
53	401	3.00623
54	290	1.62302
54	318	1.82887
54	390	2.23515
54	405	2.39404
54	428	2.55522
54	437	2.5544
54	466	3.10044
55	6	2.09179
55	30	2.08649
55	94	2.13667
55	130	2.342
55	199	2.55239
55	211	2.54971
55	252	2.72252
56	15	1.37323
56	272	2.27025
56	308	2.27462
56	327	2.38384
56	378	2.68102
56	392	2.67506
56	419	3.0789
57	145	2.32157
57	180	2.08355
57	205	2.10865
57	276	2.2618
57	297	2.32332
57	320	2.47715
57	383	2.79183
58	122	0.946421
58	389	2.21418
58	426	2.62885
58	427	2.54761
58	445	2.607
58	447	2.85056
58	471	2.9533
59	371	2.0701
59	373	2.05379
59	377	2.0629
59	424	2.50134
59	431	2.44985
59	443	2.60099
59	457	2.59561
60	218	1.9819
60	311	2.27563
60	324	2.20449
60	328	2.25031
60	358	2.44647
60	364	2.76552
60	386	2.56087
61	127	1.64871
61	169	2.07323
61	193	2.1312
61	334	2.26209
61	351	2.46699
61	414	2.78794
61	420	3.05116
62	135	1.93245
62	157	1.93995
62	196	2.21737
62	258	2.42509
62	288	2.42921
62	300	2.42838
62	329	2.90791
63	68	1.84192
63	115	1.69528
63	148	1.90502
63	285	2.36132
63	335	2.57781
63	369	3.03047
63	382	2.88764
64	48	1.63628
64	168	2.19423
64	189	2.07262
64	228	2.07959
64	256	2.40235
64	352	2.99472
64	384	2.80772
65	362	1.84298
65	409	2.38768
65	421	2.30004
65	430	2.50292
65	432	2.35362
65	452	2.48237
65	461	2.66489
66	296	1.81003
66	400	2.34198
66	425	2.58983
66	434	2.53886
66	438	2.57936
66	442	2.52485
66	464	2.66663
67	318	1.80241
67	361	1.89898
67	390	2.20869
67	405	2.36757
67	408	2.34815
67	437	2.52794
67	466	3.07398
68	63	1.84192
68	139	2.15719
68	154	2.0973
68	178	2.27657
68	238	2.29987
68	285	2.49301
68	382	3.01933
69	52	2.08058
69	137	2.25444
69	147	2.28325
69	174	2.23596
69	215	2.48033
69	236	2.44384
69	295	2.62892
70	155	1.97308
70	160	2.15616
70	177	2.00827
70	261	2.42122
70	269	2.36751
70	305	2.60784
70	366	2.75409
71	27	1.84635
71	160	2.24025
71	177	2.09236
71	212	2.23806
71	269	2.4516
71	305	2.69193
71	366	2.83818
72	272	2.12167
72	308	2.12604
72	327	2.23526
72	336	2.23254
72	378	2.53244
72	392	2.52648
72	419	2.93032
73	134	2.1193
73	143	2.1331
73	181	2.33381
73	186	2.34978
73	213	2.32748
73	240	2.33557
73	267	2.53685
74	456	1.84221
74	485	2.04027
74	503	2.38988
74	514	2.44869
74	520	2.60553
74	526	2.55863
74	535	2.72291
75	92	1.85769
75	131	2.0996
75	166	2.14739
75	173	2.14884
75	299	2.52765
75	302	2.86857
75	304	2.5206
76	6	2.1445
76	30	2.1392
76	82	2.12667
76	94	2.18938
76	128	2.37483
76	211	2.60242
76	252	2.77523
77	197	1.67754
77	266	1.9713
77	293	2.08449
77	301	1.97793
77	346	2.45049
77	399	3.04392
77	401	3.03821
78	9	1.71622
78	142	1.83223
78	203	2.10182
78	306	2.44603
78	331	2.43488
78	363	2.91908
78	372	3.04498
79	11	2.03985
79	16	2.05147
79	92	2.06359
79	166	2.35329
79	173	2.35474
79	299	2.73355
79	304	2.7265
80	459	1.68373
80	486	2.09393
80	500	2.29068
80	508	2.45654
80	525	2.63657
80	527	2.62994
80	532	2.93454
81	21	1.65892
81	205	2.07625
81	276	2.22941
81	307	2.4445
81	320	2.44475
81	337	2.76276
81	383	2.75944
82	30	2.03889
82	76	2.12667
82	128	2.27452
82	130	2.2944
82	199	2.50479
82	211	2.50211
82	252	2.67492
83	488	1.97212
83	500	2.20811
83	502	2.22698
83	515	2.55526
83	525	2.554
83	527	2.54737
83	532	2.85197
84	87	1.74221
84	139	1.99179
84	178	2.11118
84	238	2.13448
84	335	2.5441
84	369	2.99676
84	382	2.85393
85	275	1.59281
85	348	2.02992
85	357	1.85695
85	421	2.61543
85	432	2.66902
85	452	2.79777
85	461	2.98028
86	8	1.86308
86	143	2.11454
86	181	2.31525
86	186	2.33121
86	213	2.30892
86	248	2.84001
86	267	2.51828
87	84	1.74221
87	115	1.76096
87	139	2.09118
87	148	1.9707
87	335	2.64349
87	369	3.09615
87	382	2.95332
88	12	1.80106
88	200	2.2519
88	249	2.47712
88	271	2.48372
88	277	2.48603
88	291	2.48358
88	298	2.47615
89	129	1.09771
89	356	2.06537
89	389	2.23416
89	427	2.56759
89	445	2.62698
89	447	2.87053
89	471	2.97328
90	201	1.12046
90	389	2.21931
90	426	2.63398
90	427	2.55274
90	445	2.61214
90	447	2.85569
90	471	2.95843
91	286	1.47349
91	400	2.35806
91	425	2.60591
91	434	2.55494
91	438	2.59544
91	442	2.54093
91	464	2.68271
92	75	1.85769
92	79	2.06359
92	166	2.21999
92	173	2.22145
92	299	2.60025
92	302	2.94118
92	304	2.59321
93	403	1.43737
93	456	1.92198
93	514	2.52846
93	517	2.64008
93	520	2.6853
93	526	2.6384
93	535	2.80268
94	6	2.1069
94	55	2.13667
94	76	2.18938
94	128	2.33723
94	130	2.35711
94	199	2.5675
94	252	2.73763
95	98	1.57496
95	228	2.0219
95	250	2.41701
95	256	2.34466
95	325	2.43828
95	352	2.93703
95	384	2.75003
96	146	1.94453
96	196	2.17782
96	230	2.15893
96	258	2.38554
96	288	2.38966
96	300	2.38882
96	329	2.86836
97	353	1.35189
97	468	2.45808
97	469	2.39076
97	473	2.31976
97	474	2.40481
97	506	2.69245
97	521	3.16653
98	95	1.57496
98	168	2.24578
98	189	2.12416
98	250	2.52625
98	256	2.4539
98	325	2.54752
98	384	2.85927
99	451	2.1009
99	468	2.33995
99	469	2.27263
99	473	2.20163
99	482	2.40887
99	506	2.57432
99	521	3.0484
100	124	2.40897
100	165	1.96838
100	185	2.59967
100	227	2.14761
100	229	2.14656
100	237	2.25849
100	281	2.72077
101	49	1.91876
101	121	1.93864
101	176	2.06028
101	202	2.21713
101	257	2.42778
101	313	2.6363
101	370	2.91181
102	123	2.14725
102	150	2.06657
102	217	2.28734
102	226	2.34025
102	260	2.50639
102	278	2.50401
102	294	2.49662
103	282	1.12909
103	339	1.24923
103	492	2.40767
103	517	2.89355
103	520	2.93877
103	526	2.89187
103	535	3.05614
104	10	1.70684
104	50	1.62113
104	203	2.1863
104	270	2.32285
104	331	2.51936
104	363	3.00356
104	372	3.12946
105	20	0.914343
105	385	2.20083
105	402	2.51523
105	441	2.68895
105	448	2.75199
105	462	2.74555
105	477	3.10208
106	451	2.09386
106	468	2.3329
106	469	2.26558
106	474	2.27963
106	482	2.40182
106	506	2.56727
106	521	3.04135
107	144	2.11791
107	151	2.14326
107	175	2.24393
107	188	2.33745
107	195	2.38943
107	209	2.39355
107	287	2.55066
108	234	1.76791
108	247	2.15466
108	255	1.98723
108	262	1.93376
108	380	2.53812
108	394	2.94961
108	411	2.94381
109	193	2.10951
109	221	1.89416
109	289	2.06366
109	310	2.22342
109	316	2.26541
109	414	2.76625
109	420	3.02947
110	290	1.6058
110	388	2.12215
110	390	2.21793
110	405	2.37681
110	408	2.35739
110	428	2.538
110	466	3.08322
111	36	1.57012
111	228	2.03547
111	250	2.43058
111	256	2.35823
111	325	2.45184
111	352	2.95059
111	384	2.7636
112	381	1.54656
112	451	2.188
112	468	2.42704
112	469	2.35972
112	482	2.49596
112	506	2.66141
112	521	3.13549
113	190	1.67321
113	308	2.17163
113	327	2.28085
113	336	2.27813
113	378	2.57803
113	392	2.57207
113	419	2.97591
114	540	2.23706
114	542	2.24859
114	543	2.25988
114	546	2.25929
114	548	2.44169
114	550	2.72914
114	551	2.55268
115	63	1.69528
115	87	1.76096
115	238	2.15323
115	285	2.34637
115	335	2.56285
115	369	3.01551
115	382	2.87268
116	539	2.4309
116	540	2.43537
116	542	2.4469
116	545	2.45666
116	546	2.4576
116	547	2.45641
116	548	2.64
116	550	2.92745
117	374	2.15618
117	385	2.2054
117	391	2.18344
117	402	2.51979
117	441	2.69352
117	448	2.75656
117	462	2.75012
117	477	3.10665
118	161	1.55742
118	192	2.33581
118	220	1.77442
118	247	2.29456
118	321	2.99833
118	380	2.67802
118	394	3.08952
118	411	3.08372
119	176	2.08404
119	225	2.26122
119	257	2.45154
119	280	2.51241
119	292	2.38499
119	313	2.66006
119	315	2.57951
119	370	2.93557
120	45	1.63019
120	293	2.24212
120	301	2.13556
120	322	2.45291
120	346	2.60812
120	355	2.59528
120	399	3.20155
120	401	3.19584
121	101	1.93864
121	176	2.15254
121	257	2.52004
121	280	2.58092
121	292	2.45349
121	313	2.72856
121	315	2.64801
121	370	3.00407
122	24	0.939163
122	58	0.946421
122	389	2.73278
122	426	3.14745
122	427	3.06621
122	445	3.1256
122	447	3.36915
122	471	3.47189
123	42	2.14823
123	46	2.11907
123	102	2.14725
123	184	2.62079
123	217	2.63395
123	260	2.85299
123	278	2.85062
123	294	2.84323
124	38	2.4825
124	100	2.40897
124	133	2.81058
124	227	2.97477
124	229	2.97372
124	237	3.08565
124	281	3.54793
124	466	7.00928
125	9	2.04374
125	10	1.94987
125	50	1.86416
125	142	2.15974
125	264	2.77558
125	331	2.76239
125	363	3.24659
125	372	3.37249
126	284	1.09963
126	353	1.7134
126	451	2.58054
126	469	2.75227
126	473	2.68126
126	474	2.76631
126	506	3.05395
126	521	3.52803
127	61	1.64871
127	193	2.29036
127	273	2.53494
127	289	2.24451
127	316	2.44626
127	351	2.62615
127	414	2.9471
127	420	3.21032
128	30	2.28704
128	76	2.37483
128	82	2.27452
128	94	2.33723
128	130	2.54255
128	199	2.75295
128	211	2.75026
128	252	2.92307
129	89	1.09771
129	329	3.64829
129	389	2.86409
129	426	3.27876
129	427	3.19752
129	445	3.25691
129	447	3.50046
129	471	3.60321
130	6	2.31222
130	55	2.342
130	82	2.2944
130	94	2.35711
130	128	2.54255
130	199	2.77283
130	211	2.77015
130	252	2.94295
131	11	2.14847
131	16	2.16009
131	75	2.0996
131	166	2.46191
131	173	2.46336
131	299	2.84217
131	302	3.18309
131	304	2.83512
132	296	1.94409
132	396	2.63882
132	400	2.47605
132	425	2.7239
132	434	2.67292
132	438	2.71342
132	442	2.65891
132	464	2.80069
133	14	2.11973
133	38	2.05696
133	124	2.81058
133	165	2.37
133	227	2.54922
133	229	2.54818
133	237	2.66011
133	281	3.12238
134	8	2.09736
134	73	2.1193
134	143	2.34882
134	186	2.56549
134	213	2.5432
134	240	2.55129
134	248	3.07429
134	267	2.75256
135	62	1.93245
135	146	2.19653
135	196	2.42982
135	230	2.41093
135	258	2.63753
135	288	2.64165
135	300	2.64082
135	329	3.12036
136	332	1.98088
136	385	2.21862
136	391	2.19666
136	402	2.53302
136	441	2.70674
136	448	2.76978
136	462	2.76334
136	477	3.11987
137	18	2.24925
137	26	2.26579
137	69	2.25444
137	147	2.55745
137	174	2.51016
137	215	2.75453
137	236	2.71804
137	295	2.90312
138	17	2.05543
138	144	2.27188
138	175	2.39791
138	188	2.49143
138	195	2.54341
138	209	2.54752
138	268	3.02958
138	287	2.70463
139	68	2.15719
139	84	1.99179
139	87	2.09118
139	154	2.28089
139	178	2.46015
139	238	2.48345
139	369	3.34573
139	382	3.20291
140	171	2.10612
140	182	2.37078
140	200	2.38316
140	249	2.60837
140	271	2.61497
140	277	2.61728
140	291	2.61483
140	298	2.60741
141	45	1.42915
141	293	2.04108
141	322	2.25187
141	346	2.40707
141	355	2.39423
141	399	3.00051
141	401	2.9948
142	9	1.95442
142	78	1.83223
142	125	2.15974
142	203	2.34001
142	264	2.68626
142	306	2.68423
142	363	3.15727
142	372	3.28318
143	73	2.1331
143	86	2.11454
143	134	2.34882
143	181	2.56333
143	213	2.557
143	240	2.56509
143	248	3.08809
143	267	2.76636
144	107	2.11791
144	138	2.27188
144	175	2.41151
144	188	2.50503
144	195	2.55701
144	209	2.56112
144	268	3.04317
144	287	2.71823
145	57	2.32157
145	180	2.69035
145	205	2.71544
145	276	2.8686
145	297	2.93012
145	307	3.08369
145	383	3.39863
145	395	5.23832
146	96	1.94453
146	135	2.19653
146	157	2.20403
146	230	2.46257
146	258	2.68917
146	288	2.69329
146	300	2.69246
146	329	3.172
147	18	2.27805
147	26	2.29459
147	69	2.28325
147	137	2.55745
147	153	2.55143
147	174	2.53897
147	236	2.74684
147	295	2.93193
148	63	1.90502
148	87	1.9707
148	154	2.1604
148	178	2.33967
148	285	2.55611
148	335	2.77259
148	369	3.22525
148	382	3.08242
149	365	1.54387
149	381	1.8235
149	468	2.70398
149	473	2.56566
149	474	2.65071
149	482	2.7729
149	506	2.93835
149	521	3.41243
150	42	2.06755
150	102	2.06657
150	184	2.54011
150	217	2.55327
150	226	2.60618
150	260	2.77231
150	278	2.76994
150	294	2.76255
151	17	2.09438
151	107	2.14326
151	175	2.43686
151	188	2.53038
151	195	2.58236
151	209	2.58648
151	268	3.06853
151	287	2.74359
152	222	1.40498
152	323	1.88662
152	374	2.29848
152	402	2.6621
152	441	2.83582
152	448	2.89886
152	462	2.89242
152	477	3.24895
153	18	2.24322
153	26	2.25976
153	52	2.34876
153	147	2.55143
153	174	2.50414
153	215	2.74851
153	236	2.71202
153	295	2.8971
154	68	2.0973
154	139	2.28089
154	148	2.1604
154	178	2.40027
154	238	2.42357
154	285	2.61671
154	335	2.83319
154	382	3.14302
155	27	2.03231
155	70	1.97308
155	179	2.5558
155	233	2.45426
155	261	2.69128
155	269	2.63756
155	305	2.87789
155	366	3.02415
156	15	1.53362
156	272	2.43065
156	308	2.43501
156	327	2.54423
156	336	2.54152
156	378	2.84141
156	392	2.83546
156	419	3.23929
157	62	1.93995
157	146	2.20403
157	196	2.43731
157	230	2.41843
157	258	2.64503
157	288	2.64915
157	300	2.64832
157	329	3.12786
158	4	1.24784
158	207	1.65655
158	286	1.95155
158	396	2.9989
158	425	3.08398
158	438	3.07351
158	442	3.01899
158	464	3.16078
159	242	2.32989
159	311	2.42604
159	312	2.27757
159	324	2.35491
159	328	2.40072
159	358	2.59688
159	364	2.91593
159	386	2.71128
160	27	2.2154
160	44	2.12796
160	70	2.15616
160	71	2.24025
160	179	2.73889
160	233	2.63735
160	305	3.06098
160	366	3.20723
161	118	1.55742
161	247	2.30532
161	255	2.13788
161	262	2.08442
161	321	3.00908
161	380	2.68878
161	394	3.10027
161	411	3.09447
162	235	1.58342
162	314	2.02445
162	393	2.55762
162	404	2.55729
162	407	2.60039
162	433	2.72679
162	444	2.8749
162	470	3.23457
163	480	1.95583
163	500	2.39496
163	502	2.41383
163	508	2.56082
163	515	2.74211
163	525	2.74085
163	527	2.73422
163	532	3.03882
164	365	1.49051
164	451	2.41158
164	468	2.65062
164	469	2.58331
164	473	2.5123
164	474	2.59735
164	482	2.71954
164	521	3.35907
165	14	2.10468
165	100	1.96838
165	133	2.37
165	185	2.98624
165	227	2.53418
165	229	2.53313
165	237	2.64506
165	281	3.10734
166	16	2.20788
166	75	2.14739
166	79	2.35329
166	92	2.21999
166	131	2.46191
166	299	2.88995
166	302	3.23088
166	304	2.8829
167	332	1.98088
167	385	2.21862
167	391	2.19666
167	402	2.53302
167	441	2.70674
167	448	2.76978
167	462	2.76334
167	477	3.11987
168	64	2.19423
168	98	2.24578
168	189	2.68575
168	250	3.08783
168	325	3.1091
168	352	3.60785
168	384	3.42085
168	420	5.23832
169	61	2.07323
169	221	2.49953
169	223	2.7
169	289	2.66903
169	316	2.87078
169	351	3.05067
169	414	3.37161
169	420	3.63484
170	218	2.1804
170	242	2.37798
170	309	2.32143
170	312	2.32566
170	324	2.403
170	358	2.64497
170	364	2.96402
170	386	2.75937
171	140	2.10612
171	182	2.38563
171	200	2.39801
171	249	2.62322
171	271	2.62982
171	277	2.63213
171	291	2.62968
171	298	2.62226
172	193	2.16469
172	273	2.40926
172	310	2.2786
172	316	2.32058
172	334	2.29557
172	351	2.50048
172	414	2.82142
172	420	3.08465
173	11	2.19771
173	75	2.14884
173	79	2.35474
173	92	2.22145
173	131	2.46336
173	299	2.8914
173	302	3.23233
173	304	2.88436
174	26	2.2473
174	69	2.23596
174	137	2.51016
174	147	2.53897
174	153	2.50414
174	215	2.73605
174	236	2.69956
174	295	2.88464
175	17	2.19505
175	107	2.24393
175	138	2.39791
175	144	2.41151
175	151	2.43686
175	188	2.63106
175	268	3.1692
175	287	2.84426
176	101	2.06028
176	119	2.08404
176	121	2.15254
176	280	2.70256
176	292	2.57513
176	313	2.8502
176	315	2.76965
176	370	3.12571
177	70	2.00827
177	71	2.09236
177	179	2.591
177	212	2.45922
177	233	2.48946
177	261	2.72648
177	269	2.67276
177	366	3.05934
178	68	2.27657
178	84	2.11118
178	139	2.46015
178	148	2.33967
178	154	2.40027
178	285	2.79597
178	335	3.01246
178	369	3.46512
178	382	3.32229
179	27	2.34499
179	44	2.25755
179	155	2.5558
179	160	2.73889
179	177	2.591
179	212	2.7367
179	233	2.76693
179	261	3.00395
179	269	2.95024
180	57	2.08355
180	145	2.69035
180	205	2.47743
180	224	2.38759
180	253	2.59665
180	297	2.69211
180	307	2.84568
180	320	2.84593
180	383	3.16061
181	8	2.31187
181	73	2.33381
181	86	2.31525
181	143	2.56333
181	186	2.78
181	213	2.75771
181	240	2.7658
181	248	3.2888
181	267	2.96707
182	12	2.21183
182	140	2.37078
182	171	2.38563
182	200	2.66267
182	249	2.88788
182	271	2.89448
182	277	2.89679
182	291	2.89434
182	298	2.88692
183	41	0.750908
183	381	2.13399
183	451	2.77543
183	469	2.94715
183	473	2.87615
183	474	2.9612
183	482	3.08339
183	506	3.24884
183	521	3.72292
184	42	2.27516
184	46	2.246
184	123	2.62079
184	150	2.54011
184	217	2.76088
184	226	2.81379
184	260	2.97993
184	278	2.97755
184	294	2.97016
185	14	2.73597
185	38	2.67321
185	100	2.59967
185	165	2.98624
185	227	3.16547
185	229	3.16442
185	237	3.27635
185	242	2.7
185	281	3.73863
186	8	2.32783
186	73	2.34978
186	86	2.33121
186	134	2.56549
186	181	2.78
186	213	2.77368
186	240	2.78176
186	248	3.30477
186	267	2.98304
187	343	1.82936
187	345	1.91987
187	354	2.10394
187	436	2.43586
187	449	2.67665
187	483	3.01734
187	487	2.95635
187	510	3.29204
187	513	3.28727
188	107	2.33745
188	138	2.49143
188	144	2.50503
188	151	2.53038
188	175	2.63106
188	195	2.77656
188	209	2.78067
188	268	3.26272
188	287	2.93778
189	36	2.10576
189	64	2.07262
189	98	2.12416
189	168	2.68575
189	228	2.57111
189	250	2.96622
189	256	2.89387
189	352	3.48624
189	384	3.29924
190	7	1.68205
190	113	1.67321
190	272	2.7326
190	308	2.73697
190	327	2.84619
190	336	2.84347
190	378	3.14337
190	392	3.13741
190	419	3.54125
191	47	1.13638
191	241	1.83998
191	356	2.53587
191	389	2.70465
191	426	3.11932
191	427	3.03808
191	445	3.09747
191	447	3.34103
191	471	3.44377
192	51	2.16229
192	118	2.33581
192	220	2.56355
192	255	2.91627
192	262	2.8628
192	330	3.64829
192	380	3.46716
192	394	3.87865
192	411	3.87285
193	61	2.1312
193	109	2.10951
193	127	2.29036
193	172	2.16469
193	221	2.5575
193	310	2.88676
193	334	2.90374
193	414	3.42959
193	420	3.69281
194	243	1.86523
194	371	2.5019
194	379	2.57026
194	406	2.70286
194	415	2.67337
194	424	2.93313
194	431	2.88164
194	443	3.03279
194	457	3.0274
195	17	2.34055
195	107	2.38943
195	138	2.54341
195	144	2.55701
195	151	2.58236
195	188	2.77656
195	209	2.83265
195	268	3.3147
195	287	2.98976
196	62	2.21737
196	96	2.17782
196	135	2.42982
196	157	2.43731
196	230	2.69585
196	258	2.92245
196	288	2.92657
196	300	2.92574
196	329	3.40528
197	77	1.67754
197	266	2.3327
197	293	2.44589
197	301	2.33933
197	322	2.65669
197	346	2.81189
197	355	2.79905
197	399	3.40532
197	401	3.39961
198	263	1.90662
198	333	2.10412
198	393	2.66872
198	397	2.60657
198	404	2.66839
198	407	2.71149
198	433	2.83789
198	444	2.98599
198	470	3.34567
199	6	2.52261
199	30	2.51732
199	55	2.55239
199	82	2.50479
199	94	2.5675
199	128	2.75295
199	130	2.77283
199	211	2.98054
199	252	3.15335
200	88	2.2519
200	140	2.38316
200	171	2.39801
200	182	2.66267
200	249	2.90026
200	271	2.90686
200	277	2.90917
200	291	2.90672
200	298	2.89929
201	47	1.3334
201	90	1.12046
201	241	2.03701
201	356	2.7329
201	426	3.31635
201	427	3.23511
201	445	3.2945
201	447	3.53806
201	471	3.6408
202	40	2.14662
202	49	2.28952
202	101	2.21713
202	225	2.60822
202	257	2.79854
202	292	2.73199
202	313	3.00706
202	315	2.9265
202	370	3.28256
203	10	2.13014
203	78	2.10182
203	104	2.1863
203	142	2.34001
203	264	2.95585
203	270	2.74615
203	306	2.95382
203	331	2.94266
203	372	3.55277
204	296	2.43601
204	396	3.13073
204	400	2.96796
204	425	3.21581
204	430	5.80948
204	434	3.16484
204	438	3.20534
204	442	3.15083
204	464	3.29261
205	57	2.10865
205	81	2.07625
205	145	2.71544
205	180	2.47743
205	253	2.62174
205	307	2.87077
205	320	2.87102
205	337	3.18903
205	383	3.1857
206	509	2.51201
206	511	2.51497
206	522	2.71297
206	530	2.71162
206	531	2.89301
206	533	2.88799
206	534	2.88157
206	536	2.87368
206	537	2.86432
207	158	1.65655
207	286	1.96328
207	296	2.3159
207	396	3.01062
207	400	2.84786
207	425	3.09571
207	434	3.04473
207	438	3.08523
207	464	3.1725
208	32	1.41294
208	347	2.22523
208	361	2.21168
208	388	2.42562
208	408	2.66086
208	428	2.84146
208	437	2.84064
208	466	3.38669
209	17	2.34467
209	107	2.39355
209	138	2.54752
209	144	2.56112
209	151	2.58648
209	188	2.78067
209	195	2.83265
209	268	3.31882
209	287	2.99388
210	509	2.51201
210	511	2.51497
210	522	2.71297
210	530	2.71162
210	531	2.89301
210	533	2.88799
210	534	2.88157
210	536	2.87368
210	537	2.86432
211	6	2.51993
211	30	2.51464
211	55	2.54971
211	76	2.60242
211	82	2.50211
211	128	2.75026
211	130	2.77015
211	199	2.98054
211	252	3.15066
212	44	2.12576
212	71	2.23806
212	177	2.45922
212	179	2.7367
212	233	2.63515
212	261	2.87217
212	269	2.81845
212	305	3.05878
212	366	3.20504
213	73	2.32748
213	86	2.30892
213	134	2.5432
213	143	2.557
213	181	2.75771
213	186	2.77368
213	240	2.75947
213	248	3.28247
213	267	2.96075
214	349	2.24163
214	371	2.42659
214	379	2.49495
214	406	2.62756
214	415	2.59807
214	424	2.85783
214	431	2.80634
214	443	2.95748
214	457	2.95209
215	18	2.47513
215	26	2.49167
215	52	2.58067
215	69	2.48033
215	137	2.75453
215	153	2.74851
215	174	2.73605
215	236	2.94392
215	295	3.12901
216	244	1.62504
216	314	2.22242
216	333	2.19099
216	397	2.69343
216	404	2.75525
216	407	2.79836
216	433	2.92475
216	444	3.07286
216	470	3.43254
217	46	2.25916
217	102	2.28734
217	123	2.63395
217	150	2.55327
217	184	2.76088
217	226	2.82695
217	260	2.99308
217	278	2.9907
217	294	2.98332
218	39	1.98939
218	60	1.9819
218	170	2.1804
218	309	2.79186
218	311	2.94456
218	312	2.79609
218	328	2.91924
218	358	3.1154
218	386	3.22981
219	509	2.51201
219	511	2.51497
219	522	2.71297
219	530	2.71162
219	531	2.89301
219	533	2.88799
219	534	2.88157
219	536	2.87368
219	537	2.86432
220	118	1.77442
220	192	2.56355
220	234	2.13556
220	255	2.35488
220	262	2.30141
220	321	3.22608
220	380	2.90577
220	394	3.31726
220	411	3.31146
221	109	1.89416
221	169	2.49953
221	193	2.5575
221	273	2.80208
221	289	2.51165
221	310	2.67141
221	334	2.68839
221	351	2.89329
221	414	3.21424
222	152	1.40498
222	323	2.10284
222	374	2.5147
222	391	2.54197
222	402	2.87832
222	441	3.05204
222	448	3.11509
222	462	3.10865
222	477	3.46518
223	169	2.7
223	423	2.13596
223	459	2.4467
223	488	2.81766
223	500	3.05365
223	508	3.21951
223	525	3.39954
223	527	3.3929
223	532	3.6975
224	21	1.99534
224	180	2.38759
224	253	2.53189
224	276	2.56584
224	297	2.62735
224	307	2.78092
224	320	2.78118
224	337	3.09918
224	383	3.09586
225	40	2.16695
225	49	2.30985
225	119	2.26122
225	202	2.60822
225	280	2.87974
225	292	2.75232
225	313	3.02739
225	315	2.94683
225	370	3.30289
226	42	2.34123
226	46	2.31207
226	102	2.34025
226	150	2.60618
226	184	2.81379
226	217	2.82695
226	260	3.04599
226	278	3.04362
226	294	3.03623
227	38	2.22114
227	100	2.14761
227	124	2.97477
227	133	2.54922
227	165	2.53418
227	185	3.16547
227	229	2.71236
227	237	2.82429
227	281	3.28657
228	64	2.07959
228	95	2.0219
228	111	2.03547
228	189	2.57111
228	250	2.9732
228	256	2.90085
228	325	2.99446
228	352	3.49321
228	384	3.30622
229	14	2.28286
229	100	2.14656
229	124	2.97372
229	133	2.54818
229	165	2.53313
229	185	3.16442
229	227	2.71236
229	237	2.82324
229	281	3.28552
230	96	2.15893
230	135	2.41093
230	146	2.46257
230	157	2.41843
230	196	2.69585
230	258	2.90357
230	288	2.90769
230	300	2.90686
230	329	3.3864
231	32	1.51378
231	347	2.32607
231	388	2.52645
231	390	2.62223
231	405	2.78112
231	408	2.76169
231	428	2.9423
231	437	2.94148
231	466	3.48752
232	241	2.7
232	377	2.70471
232	379	2.78027
232	406	2.91288
232	415	2.88339
232	424	3.14315
232	431	3.09166
232	443	3.2428
232	457	3.23742
233	44	2.156
233	155	2.45426
233	160	2.63735
233	177	2.48946
233	179	2.76693
233	212	2.63515
233	269	2.84869
233	305	3.08902
233	366	3.23527
234	51	1.73429
234	108	1.76791
234	220	2.13556
234	247	2.65571
234	262	2.43481
234	321	3.35947
234	380	3.03917
234	394	3.45066
234	411	3.44486
235	162	1.58342
235	265	2.06078
235	314	2.34273
235	333	2.3113
235	393	2.8759
235	397	2.81375
235	404	2.87556
235	444	3.19317
235	470	3.55285
236	18	2.43864
236	52	2.54418
236	69	2.44384
236	137	2.71804
236	147	2.74684
236	153	2.71202
236	174	2.69956
236	215	2.94392
236	295	3.09252
237	14	2.39479
237	38	2.33202
237	100	2.25849
237	124	3.08565
237	133	2.66011
237	165	2.64506
237	185	3.27635
237	227	2.82429
237	229	2.82324
238	68	2.29987
238	84	2.13448
238	115	2.15323
238	139	2.48345
238	154	2.42357
238	285	2.81928
238	335	3.03576
238	369	3.48842
238	382	3.34559
239	412	1.88087
239	429	2.0618
239	460	2.2627
239	493	2.87685
239	499	2.78065
239	501	2.95985
239	507	2.96982
239	512	2.96504
239	524	3.28004
240	8	2.31363
240	73	2.33557
240	134	2.55129
240	143	2.56509
240	181	2.7658
240	186	2.78176
240	213	2.75947
240	248	3.29056
240	267	2.96883
241	191	1.83998
241	201	2.03701
241	232	2.7
241	356	2.96708
241	389	3.13586
241	426	3.55053
241	427	3.46929
241	445	3.52869
241	471	3.87498
242	159	2.32989
242	170	2.37798
242	185	2.7
242	309	2.98945
242	311	3.14215
242	312	2.99368
242	324	3.07101
242	364	3.63204
242	386	3.42739
243	194	1.86523
243	279	2.02417
243	349	2.44048
243	373	2.60912
243	377	2.61823
243	406	2.8264
243	424	3.05667
243	443	3.15633
243	457	3.15094
244	216	1.62504
244	314	2.18638
244	393	2.71955
244	397	2.6574
244	404	2.71922
244	407	2.76232
244	433	2.88872
244	444	3.03683
244	470	3.3965
245	539	2.72633
245	540	2.7308
245	542	2.74233
245	543	2.75362
245	545	2.75209
245	546	2.75303
245	547	2.75185
245	548	2.93543
245	550	3.22289
245	551	3.04642
246	319	1.70619
246	422	2.56664
246	436	2.47022
246	449	2.71101
246	453	2.62104
246	483	3.05169
246	487	2.9907
246	491	3.06409
246	510	3.32639
246	513	3.32162
247	51	2.12104
247	108	2.15466
247	118	2.29456
247	161	2.30532
247	234	2.65571
247	255	2.87502
247	262	2.82156
247	380	3.42592
247	394	3.83741
247	411	3.83161
248	8	2.83663
248	86	2.84001
248	134	3.07429
248	143	3.08809
248	181	3.2888
248	186	3.30477
248	213	3.28247
248	240	3.29056
248	267	3.49184
248	426	5.80948
249	12	2.44942
249	88	2.47712
249	140	2.60837
249	171	2.62322
249	182	2.88788
249	200	2.90026
249	271	3.13207
249	277	3.13439
249	291	3.13193
249	298	3.12451
250	36	2.50784
250	48	2.52988
250	95	2.41701
250	98	2.52625
250	111	2.43058
250	168	3.08783
250	189	2.96622
250	228	2.9732
250	325	3.38957
250	384	3.70133
251	398	2.05124
251	429	2.25378
251	435	2.29733
251	460	2.45469
251	493	3.06883
251	499	2.97264
251	501	3.15183
251	507	3.16181
251	512	3.15702
251	524	3.47202
252	6	2.69274
252	30	2.68744
252	55	2.72252
252	76	2.77523
252	82	2.67492
252	94	2.73763
252	128	2.92307
252	130	2.94295
252	199	3.15335
252	211	3.15066
253	21	2.20441
253	180	2.59665
253	205	2.62174
253	224	2.53189
253	276	2.7749
253	297	2.83641
253	307	2.98999
253	320	2.99024
253	337	3.30825
253	383	3.30492
254	282	1.76914
254	410	2.3385
254	485	3.01356
254	503	3.36318
254	514	3.42198
254	517	3.5336
254	520	3.57882
254	526	3.53193
254	535	3.6962
254	549	4.47214
255	51	1.95361
255	108	1.98723
255	161	2.13788
255	192	2.91627
255	220	2.35488
255	247	2.87502
255	321	3.57879
255	380	3.25849
255	394	3.66998
255	411	3.66418
256	48	2.45753
256	64	2.40235
256	95	2.34466
256	98	2.4539
256	111	2.35823
256	189	2.89387
256	228	2.90085
256	325	3.31722
256	352	3.81597
256	384	3.62898
257	40	2.35727
257	101	2.42778
257	119	2.45154
257	121	2.52004
257	202	2.79854
257	280	3.07006
257	292	2.94264
257	313	3.2177
257	315	3.13715
257	370	3.49321
258	62	2.42509
258	96	2.38554
258	135	2.63753
258	146	2.68917
258	157	2.64503
258	196	2.92245
258	230	2.90357
258	288	3.13429
258	300	3.13346
258	329	3.613
259	417	1.80003
259	480	2.39772
259	486	2.6401
259	488	2.60085
259	502	2.85571
259	508	3.0027
259	515	3.18399
259	525	3.18273
259	527	3.1761
259	532	3.4807
260	42	2.50736
260	46	2.4782
260	102	2.50639
260	123	2.85299
260	150	2.77231
260	184	2.97993
260	217	2.99308
260	226	3.04599
260	278	3.20975
260	294	3.20236
261	27	2.48046
261	44	2.39302
261	70	2.42122
261	155	2.69128
261	177	2.72648
261	179	3.00395
261	212	2.87217
261	269	3.08571
261	305	3.32604
261	366	3.47229
262	108	1.93376
262	161	2.08442
262	192	2.8628
262	220	2.30141
262	234	2.43481
262	247	2.82156
262	321	3.52533
262	380	3.20502
262	394	3.61651
262	411	3.61071
263	33	1.62012
263	198	1.90662
263	265	2.27289
263	333	2.52341
263	397	3.02585
263	404	3.08767
263	407	3.13078
263	433	3.25717
263	444	3.40528
263	470	3.76495
264	10	2.47639
264	125	2.77558
264	142	2.68626
264	203	2.95585
264	270	3.0924
264	306	3.30007
264	331	3.28891
264	363	3.77311
264	372	3.89901
264	515	8.94427
265	33	1.5671
265	235	2.06078
265	263	2.27289
265	393	3.03499
265	397	2.97283
265	404	3.03465
265	407	3.07776
265	433	3.20415
265	444	3.35226
265	470	3.71193
266	53	1.93931
266	77	1.9713
266	197	2.3327
266	293	2.73965
266	301	2.63308
266	322	2.95044
266	346	3.10565
266	355	3.09281
266	399	3.69908
266	401	3.69337
267	8	2.5149
267	73	2.53685
267	86	2.51828
267	134	2.75256
267	143	2.76636
267	181	2.96707
267	186	2.98304
267	213	2.96075
267	240	2.96883
267	248	3.49184
268	17	2.82672
268	138	3.02958
268	144	3.04317
268	151	3.06853
268	175	3.1692
268	188	3.26272
268	195	3.3147
268	209	3.31882
268	287	3.47593
268	302	3.16228
269	70	2.36751
269	71	2.4516
269	155	2.63756
269	177	2.67276
269	179	2.95024
269	212	2.81845
269	233	2.84869
269	261	3.08571
269	305	3.27233
269	366	3.41858
270	9	2.36056
270	10	2.26669
270	50	2.18098
270	104	2.32285
270	203	2.74615
270	264	3.0924
270	306	3.09037
270	331	3.07921
270	363	3.56341
270	372	3.68932
271	12	2.45602
271	88	2.48372
271	140	2.61497
271	171	2.62982
271	182	2.89448
271	200	2.90686
271	249	3.13207
271	277	3.14098
271	291	3.13853
271	298	3.13111
272	7	2.1761
272	15	2.32962
272	56	2.27025
272	72	2.12167
272	156	2.43065
272	190	2.7326
272	308	3.23102
272	378	3.63742
272	392	3.63146
272	419	4.0353
273	127	2.53494
273	172	2.40926
273	221	2.80208
273	310	3.13134
273	316	3.17333
273	334	3.14832
273	351	3.35322
273	414	3.67416
273	419	5.23832
273	420	3.93739
274	465	2.35988
274	490	2.50202
274	495	2.76339
274	498	2.67158
274	505	2.84832
274	516	2.99754
274	518	2.99723
274	519	2.99531
274	528	2.99173
274	529	2.98649
275	37	1.45716
275	85	1.59281
275	348	2.66746
275	357	2.4945
275	375	2.80843
275	409	3.34062
275	421	3.25298
275	430	3.45586
275	452	3.43532
275	461	3.61783
276	57	2.2618
276	81	2.22941
276	145	2.8686
276	224	2.56584
276	253	2.7749
276	297	2.87036
276	307	3.02393
276	320	3.02418
276	337	3.34219
276	383	3.33886
277	12	2.45833
277	88	2.48603
277	140	2.61728
277	171	2.63213
277	182	2.89679
277	200	2.90917
277	249	3.13439
277	271	3.14098
277	291	3.14084
277	298	3.13342
278	42	2.50498
278	46	2.47583
278	102	2.50401
278	123	2.85062
278	150	2.76994
278	184	2.97755
278	217	2.9907
278	226	3.04362
278	260	3.20975
278	294	3.19999
279	243	2.02417
279	349	2.47587
279	373	2.64451
279	379	2.72919
279	406	2.8618
279	415	2.83231
279	424	3.09207
279	431	3.04058
279	443	3.19172
279	457	3.18633
280	40	2.41814
280	49	2.56104
280	119	2.51241
280	121	2.58092
280	176	2.70256
280	225	2.87974
280	257	3.07006
280	292	3.00351
280	315	3.19803
280	370	3.55409
281	14	2.85707
281	38	2.7943
281	100	2.72077
281	124	3.54793
281	133	3.12238
281	165	3.10734
281	185	3.73863
281	227	3.28657
281	229	3.28552
281	549	4.47214
282	103	1.12909
282	254	1.76914
282	413	2.2849
282	455	2.81148
282	456	2.80915
282	485	3.00721
282	514	3.41564
282	517	3.52725
282	526	3.52558
282	535	3.68985
283	398	2.09863
283	418	2.04869
283	435	2.34472
283	460	2.50208
283	484	2.87684
283	493	3.11622
283	499	3.02003
283	507	3.2092
283	512	3.20442
283	524	3.51941
284	126	1.09963
284	365	2.03828
284	381	2.31791
284	451	2.95934
284	468	3.19839
284	473	3.06007
284	474	3.14511
284	482	3.26731
284	506	3.43276
284	521	3.90684
285	63	2.36132
285	68	2.49301
285	115	2.34637
285	148	2.55611
285	154	2.61671
285	178	2.79597
285	238	2.81928
285	335	3.2289
285	369	3.68156
285	382	3.53873
286	91	1.47349
286	158	1.95155
286	207	1.96328
286	396	3.30563
286	400	3.14286
286	425	3.39072
286	434	3.33974
286	438	3.38024
286	442	3.32573
286	464	3.46751
287	17	2.50178
287	107	2.55066
287	138	2.70463
287	144	2.71823
287	151	2.74359
287	175	2.84426
287	188	2.93778
287	195	2.98976
287	209	2.99388
287	268	3.47593
288	62	2.42921
288	96	2.38966
288	135	2.64165
288	146	2.69329
288	157	2.64915
288	196	2.92657
288	230	2.90769
288	258	3.13429
288	300	3.13758
288	329	3.61712
289	109	2.06366
289	127	2.24451
289	169	2.66903
289	221	2.51165
289	310	2.84091
289	316	2.8829
289	334	2.85789
289	351	3.06279
289	414	3.38374
289	420	3.64696
290	54	1.62302
290	110	1.6058
290	347	2.66664
290	361	2.65309
290	388	2.86703
290	405	3.12169
290	408	3.10227
290	428	3.28287
290	437	3.28205
290	466	3.8281
291	12	2.45588
291	88	2.48358
291	140	2.61483
291	171	2.62968
291	182	2.89434
291	200	2.90672
291	249	3.13193
291	271	3.13853
291	277	3.14084
291	298	3.13097
292	119	2.38499
292	121	2.45349
292	176	2.57513
292	202	2.73199
292	225	2.75232
292	257	2.94264
292	280	3.00351
292	313	3.15116
292	315	3.0706
292	370	3.42666
293	77	2.08449
293	120	2.24212
293	141	2.04108
293	197	2.44589
293	266	2.73965
293	301	2.74628
293	346	3.21884
293	355	3.206
293	399	3.81227
293	401	3.80656
294	42	2.4976
294	46	2.46844
294	102	2.49662
294	123	2.84323
294	150	2.76255
294	184	2.97016
294	217	2.98332
294	226	3.03623
294	260	3.20236
294	278	3.19999
295	18	2.62373
295	26	2.64027
295	52	2.72927
295	69	2.62892
295	137	2.90312
295	147	2.93193
295	153	2.8971
295	174	2.88464
295	215	3.12901
295	236	3.09252
296	43	1.77576
296	66	1.81003
296	132	1.94409
296	204	2.43601
296	207	2.3159
296	396	3.65825
296	400	3.49548
296	434	3.69236
296	442	3.67835
296	464	3.82013
297	21	2.29986
297	57	2.32332
297	145	2.93012
297	180	2.69211
297	224	2.62735
297	253	2.83641
297	276	2.87036
297	320	3.0857
297	337	3.4037
297	383	3.40038
298	12	2.44846
298	88	2.47615
298	140	2.60741
298	171	2.62226
298	182	2.88692
298	200	2.89929
298	249	3.12451
298	271	3.13111
298	277	3.13342
298	291	3.13097
299	11	2.57651
299	16	2.58814
299	75	2.52765
299	79	2.73355
299	92	2.60025
299	131	2.84217
299	166	2.88995
299	173	2.8914
299	302	3.61113
299	304	3.26316
300	62	2.42838
300	96	2.38882
300	135	2.64082
300	146	2.69246
300	157	2.64832
300	196	2.92574
300	230	2.90686
300	258	3.13346
300	288	3.13758
300	329	3.61629
301	77	1.97793
301	120	2.13556
301	197	2.33933
301	266	2.63308
301	293	2.74628
301	322	2.95707
301	346	3.11227
301	355	3.09943
301	399	3.70571
301	401	3.7
302	11	2.91744
302	16	2.92906
302	75	2.86857
302	92	2.94118
302	131	3.18309
302	166	3.23088
302	173	3.23233
302	268	3.16228
302	299	3.61113
302	304	3.60409
303	342	1.89658
303	422	2.57803
303	436	2.48161
303	440	2.69674
303	449	2.7224
303	453	2.63243
303	483	3.06308
303	491	3.07548
303	510	3.33778
303	513	3.33301
304	11	2.56947
304	16	2.58109
304	75	2.5206
304	79	2.7265
304	92	2.59321
304	131	2.83512
304	166	2.8829
304	173	2.88436
304	299	3.26316
304	302	3.60409
305	27	2.66708
305	44	2.57963
305	70	2.60784
305	71	2.69193
305	155	2.87789
305	160	3.06098
305	212	3.05878
305	233	3.08902
305	261	3.32604
305	269	3.27233
305	366	3.65891
306	9	2.56822
306	10	2.47436
306	50	2.38864
306	78	2.44603
306	142	2.68423
306	203	2.95382
306	264	3.30007
306	270	3.09037
306	331	3.28688
306	363	3.77108
306	372	3.89698
307	21	2.45343
307	81	2.4445
307	145	3.08369
307	180	2.84568
307	205	2.87077
307	224	2.78092
307	253	2.98999
307	276	3.02393
307	320	3.23927
307	337	3.55728
307	383	3.55395
308	56	2.27462
308	72	2.12604
308	113	2.17163
308	156	2.43501
308	190	2.73697
308	272	3.23102
308	327	3.34461
308	336	3.34189
308	378	3.64179
308	392	3.63583
308	419	4.03967
309	39	2.13042
309	170	2.32143
309	218	2.79186
309	242	2.98945
309	311	3.08559
309	312	2.93712
309	324	3.01446
309	328	3.06027
309	358	3.25643
309	364	3.57549
309	386	3.37084
310	109	2.22342
310	172	2.2786
310	193	2.88676
310	221	2.67141
310	273	3.13134
310	289	2.84091
310	316	3.04266
310	334	3.01765
310	351	3.22255
310	414	3.5435
310	420	3.80672
311	39	2.28312
311	60	2.27563
311	159	2.42604
311	218	2.94456
311	242	3.14215
311	309	3.08559
311	312	3.08982
311	324	3.16716
311	328	3.21297
311	358	3.40913
311	386	3.52354
312	159	2.27757
312	170	2.32566
312	218	2.79609
312	242	2.99368
312	309	2.93712
312	311	3.08982
312	324	3.01869
312	328	3.0645
312	358	3.26066
